Players:
  Shadowsky:
    X: 48.80574183253802
    Y: 63.0
    Z: -16.201711222045446
    Pitch: 7.3158813
    Yaw: 142.43182
    Worldname: test